2019-01-01,TECHM,POWERGRID,APOLLOHOSP,BHARTIARTL,ASIANPAINT,HDFCBANK,WIPRO,KOTAKBANK
2019-01-02,ICICIBANK,TITAN,LT,ASIANPAINT,POWERGRID,AXISBANK,ULTRACEMCO,KOTAKBANK
2019-01-03,APOLLOHOSP,POWERGRID,HEROMOTOCO,LT,ULTRACEMCO,BRITANNIA,KOTAKBANK,SBIN
2019-01-04,APOLLOHOSP,ICICIBANK,SBIN,INFY,POWERGRID,ADANIPORTS,HEROMOTOCO,JSWSTEEL
2019-01-07,ASIANPAINT,POWERGRID,HDFCBANK,BHARTIARTL,KOTAKBANK,TATACONSUM,TCS,HDFC
2019-01-08,SBIN,KOTAKBANK,NESTLEIND,POWERGRID,HEROMOTOCO,SHREECEM,INFY,UPL
2019-01-09,HDFCBANK,POWERGRID,WIPRO,NESTLEIND,DIVISLAB,ASIANPAINT,BHARTIARTL,BAJFINANCE
2019-01-10,ASIANPAINT,HEROMOTOCO,ADANIPORTS,TITAN,POWERGRID,APOLLOHOSP,RELIANCE,NTPC
2019-01-11,SBIN,BAJFINANCE,SHREECEM,POWERGRID,TATASTEEL,LT,HDFCBANK,ADANIPORTS
2019-01-14,AXISBANK,SHREECEM,HDFCBANK,TITAN,POWERGRID,ADANIPORTS,HEROMOTOCO,ICICIBANK
2019-01-15,TITAN,ASIANPAINT,SBIN,HCLTECH,HEROMOTOCO,ICICIBANK,ADANIPORTS,HDFC
2019-01-16,DRREDDY,ICICIBANK,TITAN,HEROMOTOCO,ULTRACEMCO,HDFCBANK,AXISBANK,MARUTI
2019-01-17,TITAN,NTPC,ICICIBANK,HINDALCO,ASIANPAINT,HDFCBANK,HCLTECH,SHREECEM
2019-01-18,ICICIBANK,TATASTEEL,TITAN,DRREDDY,INDUSINDBK,HCLTECH,INFY,ULTRACEMCO
2019-01-21,AXISBANK,TITAN,LT,HDFCBANK,ULTRACEMCO,WIPRO,ASIANPAINT,ICICIBANK
2019-01-22,ULTRACEMCO,AXISBANK,HDFCBANK,ADANIPORTS,ICICIBANK,TITAN,NTPC,HEROMOTOCO
2019-01-23,ULTRACEMCO,HEROMOTOCO,AXISBANK,HDFCBANK,ADANIPORTS,ICICIBANK,M&M,NTPC
2019-01-24,TITAN,INDUSINDBK,KOTAKBANK,ICICIBANK,HDFCBANK,ADANIPORTS,DIVISLAB,HEROMOTOCO
2019-01-25,WIPRO,INDUSINDBK,HEROMOTOCO,HDFCBANK,AXISBANK,ICICIBANK,KOTAKBANK,BAJAJ-AUTO
2019-01-28,ITC,BRITANNIA,M&M,INDUSINDBK,APOLLOHOSP,HEROMOTOCO,HDFCBANK,DRREDDY
2019-01-29,BAJFINANCE,INDUSINDBK,BRITANNIA,TITAN,KOTAKBANK,ICICIBANK,NTPC,POWERGRID
2019-01-30,INDUSINDBK,NTPC,TITAN,DRREDDY,POWERGRID,KOTAKBANK,ITC,TECHM
2019-01-31,INDUSINDBK,TITAN,KOTAKBANK,HDFC,M&M,HDFCBANK,DRREDDY,BHARTIARTL
2019-02-01,BRITANNIA,NTPC,KOTAKBANK,APOLLOHOSP,SUNPHARMA,HDFC,JSWSTEEL,DIVISLAB
2019-02-04,KOTAKBANK,ULTRACEMCO,APOLLOHOSP,SBIN,ADANIPORTS,ASIANPAINT,ICICIBANK,NTPC
2019-02-05,INDUSINDBK,WIPRO,BPCL,ASIANPAINT,ITC,CIPLA,BAJFINANCE,HDFCBANK
2019-02-06,HDFCBANK,INDUSINDBK,HEROMOTOCO,WIPRO,ADANIPORTS,KOTAKBANK,NTPC,INFY
2019-02-07,KOTAKBANK,ADANIPORTS,HDFCBANK,JSWSTEEL,WIPRO,HEROMOTOCO,APOLLOHOSP,LT
2019-02-08,NTPC,ULTRACEMCO,BRITANNIA,BAJAJFINSV,SHREECEM,KOTAKBANK,HINDALCO,HEROMOTOCO
2019-02-11,M&M,NTPC,WIPRO,HEROMOTOCO,SBIN,ASIANPAINT,HDFC,DRREDDY
2019-02-12,INDUSINDBK,AXISBANK,ASIANPAINT,NTPC,M&M,ULTRACEMCO,ADANIPORTS,KOTAKBANK
2019-02-13,NTPC,ASIANPAINT,INDUSINDBK,AXISBANK,ULTRACEMCO,M&M,HCLTECH,WIPRO
2019-02-14,BRITANNIA,TATASTEEL,INDUSINDBK,TECHM,HDFC,SHREECEM,ASIANPAINT,HEROMOTOCO
2019-02-15,APOLLOHOSP,TECHM,TITAN,DIVISLAB,BAJAJ-AUTO,KOTAKBANK,WIPRO,TATASTEEL
2019-02-18,BRITANNIA,APOLLOHOSP,KOTAKBANK,TITAN,BAJAJ-AUTO,HDFC,BHARTIARTL,INDUSINDBK
2019-02-19,WIPRO,KOTAKBANK,BAJAJ-AUTO,HCLTECH,INDUSINDBK,INFY,ITC,HEROMOTOCO
2019-02-20,BAJAJ-AUTO,KOTAKBANK,TITAN,BRITANNIA,CIPLA,HEROMOTOCO,TECHM,WIPRO
2019-02-21,BAJAJ-AUTO,HEROMOTOCO,KOTAKBANK,SBIN,INDUSINDBK,BPCL,BHARTIARTL,DIVISLAB
2019-02-22,TITAN,KOTAKBANK,HCLTECH,SBIN,CIPLA,APOLLOHOSP,AXISBANK,ADANIPORTS
2019-02-25,TITAN,HEROMOTOCO,ULTRACEMCO,INDUSINDBK,CIPLA,BAJAJFINSV,INFY,AXISBANK
2019-02-26,HDFCBANK,AXISBANK,INFY,HEROMOTOCO,BAJAJFINSV,TITAN,RELIANCE,INDUSINDBK
2019-02-27,WIPRO,HCLTECH,INFY,ASIANPAINT,HEROMOTOCO,NESTLEIND,KOTAKBANK,POWERGRID
2019-02-28,HEROMOTOCO,ONGC,KOTAKBANK,TITAN,NTPC,WIPRO,SHREECEM,BRITANNIA
2019-03-01,HCLTECH,INFY,SBIN,TECHM,APOLLOHOSP,INDUSINDBK,ASIANPAINT,CIPLA
2019-03-05,BAJAJ-AUTO,TECHM,CIPLA,BAJFINANCE,BAJAJFINSV,WIPRO,RELIANCE,INDUSINDBK
2019-03-06,TECHM,BAJAJ-AUTO,ITC,HDFC,DIVISLAB,RELIANCE,POWERGRID,ASIANPAINT
2019-03-07,CIPLA,TECHM,BAJFINANCE,ASIANPAINT,INDUSINDBK,ULTRACEMCO,TATASTEEL,HEROMOTOCO
2019-03-08,WIPRO,BAJAJ-AUTO,HEROMOTOCO,BAJAJFINSV,BAJFINANCE,ULTRACEMCO,TATAMOTORS,CIPLA
2019-03-11,WIPRO,TECHM,BAJFINANCE,RELIANCE,DIVISLAB,HCLTECH,KOTAKBANK,HDFCBANK
2019-03-12,INDUSINDBK,TATASTEEL,NESTLEIND,WIPRO,TECHM,CIPLA,HDFC,HCLTECH
2019-03-13,BPCL,ONGC,TATACONSUM,JSWSTEEL,BAJAJFINSV,TATASTEEL,INFY,DRREDDY
2019-03-14,SBIN,POWERGRID,ONGC,JSWSTEEL,DRREDDY,TATAMOTORS,TITAN,UPL
2019-03-15,SBIN,BAJAJ-AUTO,BAJFINANCE,ASIANPAINT,WIPRO,DRREDDY,ULTRACEMCO,JSWSTEEL
2019-03-18,NTPC,DRREDDY,BAJAJ-AUTO,ADANIPORTS,INFY,TATACONSUM,SBIN,CIPLA
2019-03-19,BAJAJ-AUTO,LT,UPL,ASIANPAINT,GRASIM,DRREDDY,SBIN,WIPRO
2019-03-20,BAJAJ-AUTO,TATAMOTORS,DIVISLAB,CIPLA,ICICIBANK,BRITANNIA,TATACONSUM,LT
2019-03-22,ADANIPORTS,TITAN,TATASTEEL,BRITANNIA,BAJAJFINSV,BHARTIARTL,M&M,BAJFINANCE
2019-03-25,TATAMOTORS,HINDUNILVR,BRITANNIA,INFY,KOTAKBANK,POWERGRID,BAJFINANCE,JSWSTEEL
2019-03-26,INFY,BAJAJ-AUTO,ADANIPORTS,HEROMOTOCO,ITC,HDFCBANK,LT,BHARTIARTL
2019-03-27,HCLTECH,INFY,ULTRACEMCO,DRREDDY,WIPRO,TECHM,BHARTIARTL,TATAMOTORS
2019-03-28,BRITANNIA,JSWSTEEL,HEROMOTOCO,POWERGRID,TATAMOTORS,SBIN,SUNPHARMA,BAJFINANCE
2019-03-29,POWERGRID,HEROMOTOCO,BAJAJ-AUTO,SBIN,CIPLA,HDFCBANK,DIVISLAB,ITC
2019-04-01,CIPLA,KOTAKBANK,POWERGRID,INFY,INDUSINDBK,NTPC,HDFCBANK,WIPRO
2019-04-02,ASIANPAINT,INFY,BHARTIARTL,NTPC,POWERGRID,BAJAJ-AUTO,BRITANNIA,KOTAKBANK
2019-04-03,HEROMOTOCO,INFY,INDUSINDBK,CIPLA,KOTAKBANK,HDFC,EICHERMOT,ULTRACEMCO
2019-04-04,NESTLEIND,HEROMOTOCO,INDUSINDBK,TATAMOTORS,INFY,SUNPHARMA,ONGC,TATACONSUM
2019-04-05,NESTLEIND,BHARTIARTL,HEROMOTOCO,HCLTECH,INFY,ADANIPORTS,DRREDDY,ICICIBANK
2019-04-08,BHARTIARTL,INFY,HCLTECH,NESTLEIND,RELIANCE,DRREDDY,ASIANPAINT,TITAN
2019-04-09,BHARTIARTL,SUNPHARMA,HCLTECH,ASIANPAINT,DRREDDY,AXISBANK,BAJFINANCE,ADANIPORTS
2019-04-10,ADANIPORTS,HEROMOTOCO,ULTRACEMCO,HINDUNILVR,SUNPHARMA,TECHM,KOTAKBANK,POWERGRID
2019-04-11,HCLTECH,APOLLOHOSP,SUNPHARMA,INDUSINDBK,TATAMOTORS,AXISBANK,ITC,INFY
2019-04-12,HCLTECH,ADANIPORTS,SBIN,DIVISLAB,KOTAKBANK,HDFCBANK,AXISBANK,HINDUNILVR
2019-04-15,RELIANCE,INDUSINDBK,DIVISLAB,HINDUNILVR,ULTRACEMCO,ICICIBANK,SUNPHARMA,SBIN
2019-04-16,ONGC,BAJAJFINSV,SUNPHARMA,HDFCBANK,NTPC,INDUSINDBK,TITAN,LT
2019-04-18,DIVISLAB,ULTRACEMCO,SHREECEM,NESTLEIND,POWERGRID,BAJAJFINSV,SUNPHARMA,INDUSINDBK
2019-04-22,KOTAKBANK,TATAMOTORS,BHARTIARTL,BPCL,HCLTECH,RELIANCE,INFY,BAJAJFINSV
2019-04-23,NTPC,HCLTECH,BHARTIARTL,BAJAJFINSV,ONGC,BPCL,INFY,ADANIPORTS
2019-04-24,UPL,BAJAJ-AUTO,ADANIPORTS,INFY,BAJFINANCE,KOTAKBANK,SBIN,HCLTECH
2019-04-25,CIPLA,SUNPHARMA,ADANIPORTS,JSWSTEEL,GRASIM,TATAMOTORS,NESTLEIND,AXISBANK
2019-04-26,INFY,KOTAKBANK,ADANIPORTS,HDFC,HEROMOTOCO,M&M,RELIANCE,APOLLOHOSP
2019-04-30,BAJAJ-AUTO,INFY,ONGC,NESTLEIND,DIVISLAB,HCLTECH,ADANIPORTS,BAJAJFINSV
2019-05-02,NESTLEIND,SBIN,INFY,ULTRACEMCO,CIPLA,BAJAJ-AUTO,SUNPHARMA,ICICIBANK
2019-05-03,TECHM,HCLTECH,TATASTEEL,ADANIPORTS,SBIN,INFY,NESTLEIND,DRREDDY
2019-05-06,JSWSTEEL,KOTAKBANK,CIPLA,BAJAJFINSV,LT,INFY,TITAN,SHREECEM
2019-05-07,BAJAJ-AUTO,CIPLA,KOTAKBANK,ICICIBANK,HCLTECH,DIVISLAB,ULTRACEMCO,SBIN
2019-05-08,INFY,CIPLA,NESTLEIND,BAJAJ-AUTO,TECHM,SBIN,KOTAKBANK,HCLTECH
2019-05-09,ONGC,UPL,SBIN,TATASTEEL,KOTAKBANK,DRREDDY,HCLTECH,INFY
2019-05-10,ONGC,ASIANPAINT,DIVISLAB,HCLTECH,CIPLA,KOTAKBANK,WIPRO,ULTRACEMCO
2019-05-13,RELIANCE,CIPLA,ULTRACEMCO,LT,UPL,NESTLEIND,JSWSTEEL,KOTAKBANK
2019-05-14,RELIANCE,KOTAKBANK,ONGC,JSWSTEEL,NESTLEIND,TITAN,BAJAJ-AUTO,WIPRO
2019-05-15,KOTAKBANK,ULTRACEMCO,CIPLA,ONGC,ASIANPAINT,SUNPHARMA,DRREDDY,HEROMOTOCO
2019-05-16,HEROMOTOCO,KOTAKBANK,ASIANPAINT,CIPLA,UPL,TATAMOTORS,SBIN,DRREDDY
2019-05-17,TATAMOTORS,NESTLEIND,TCS,CIPLA,LT,INFY,HINDUNILVR,ASIANPAINT
2019-05-20,INDUSINDBK,TATACONSUM,HCLTECH,BAJAJFINSV,NTPC,TATAMOTORS,ITC,TCS
2019-05-21,DRREDDY,EICHERMOT,INDUSINDBK,TCS,HCLTECH,TECHM,CIPLA,TATACONSUM
2019-05-22,INFY,TECHM,SBIN,HCLTECH,BPCL,WIPRO,DRREDDY,TATASTEEL
2019-05-23,HEROMOTOCO,HCLTECH,LT,EICHERMOT,TCS,NTPC,HDFCBANK,KOTAKBANK
2019-05-24,ONGC,TITAN,TCS,HDFC,BAJFINANCE,DRREDDY,NTPC,AXISBANK
2019-05-27,DIVISLAB,JSWSTEEL,TECHM,ONGC,BPCL,INDUSINDBK,KOTAKBANK,HDFC
2019-05-28,TECHM,BAJAJ-AUTO,ONGC,WIPRO,ULTRACEMCO,ASIANPAINT,BPCL,TATASTEEL
2019-05-29,ONGC,BPCL,BAJAJFINSV,NESTLEIND,TITAN,KOTAKBANK,ULTRACEMCO,BAJFINANCE
2019-05-30,BAJAJFINSV,TCS,HDFCBANK,HEROMOTOCO,TITAN,LT,CIPLA,AXISBANK
2019-05-31,ONGC,SBIN,CIPLA,ADANIPORTS,HDFC,ULTRACEMCO,GRASIM,INFY
2019-06-03,INDUSINDBK,KOTAKBANK,HEROMOTOCO,CIPLA,LT,ITC,BAJFINANCE,DIVISLAB
2019-06-04,APOLLOHOSP,LT,SHREECEM,UPL,ICICIBANK,INDUSINDBK,AXISBANK,CIPLA
2019-06-06,SHREECEM,LT,ONGC,UPL,ICICIBANK,KOTAKBANK,HEROMOTOCO,ITC
2019-06-07,NTPC,LT,BAJAJFINSV,HEROMOTOCO,ONGC,BRITANNIA,RELIANCE,ADANIPORTS
2019-06-10,NTPC,BPCL,KOTAKBANK,ADANIPORTS,NESTLEIND,BHARTIARTL,ULTRACEMCO,INDUSINDBK
2019-06-11,ADANIPORTS,SBIN,BHARTIARTL,TITAN,ONGC,NESTLEIND,RELIANCE,CIPLA
2019-06-12,HEROMOTOCO,NESTLEIND,HINDUNILVR,KOTAKBANK,LT,ADANIPORTS,SBIN,HDFCBANK
2019-06-13,INDUSINDBK,NESTLEIND,ADANIPORTS,HCLTECH,BPCL,ONGC,AXISBANK,POWERGRID
2019-06-14,CIPLA,HINDUNILVR,HCLTECH,TATAMOTORS,NESTLEIND,BRITANNIA,ADANIPORTS,HDFC
2019-06-17,HEROMOTOCO,ADANIPORTS,TATASTEEL,BAJFINANCE,HCLTECH,BAJAJ-AUTO,HDFCBANK,AXISBANK
2019-06-18,APOLLOHOSP,TATASTEEL,HEROMOTOCO,HDFC,NTPC,INDUSINDBK,WIPRO,LT
2019-06-19,APOLLOHOSP,NTPC,TATASTEEL,NESTLEIND,DRREDDY,HCLTECH,TCS,HDFC
2019-06-20,TATASTEEL,INDUSINDBK,TCS,HCLTECH,HDFC,ADANIPORTS,ULTRACEMCO,BAJFINANCE
2019-06-21,BHARTIARTL,HEROMOTOCO,JSWSTEEL,ULTRACEMCO,INDUSINDBK,ASIANPAINT,HDFC,NTPC
2019-06-24,NTPC,HEROMOTOCO,APOLLOHOSP,NESTLEIND,DRREDDY,POWERGRID,TATASTEEL,BHARTIARTL
2019-06-25,BAJFINANCE,HINDUNILVR,ICICIBANK,APOLLOHOSP,BHARTIARTL,HEROMOTOCO,POWERGRID,TATASTEEL
2019-06-26,INDUSINDBK,TATASTEEL,HEROMOTOCO,HCLTECH,APOLLOHOSP,ULTRACEMCO,HDFCBANK,NTPC
2019-06-27,TATASTEEL,HDFCBANK,HCLTECH,BAJFINANCE,TITAN,NTPC,DIVISLAB,APOLLOHOSP
2019-06-28,NTPC,BAJFINANCE,TATACONSUM,HINDUNILVR,KOTAKBANK,BPCL,JSWSTEEL,TITAN
2019-07-01,POWERGRID,DIVISLAB,ONGC,BHARTIARTL,BPCL,TATASTEEL,UPL,TCS
2019-07-02,NTPC,ICICIBANK,POWERGRID,LT,TATASTEEL,TATACONSUM,SHREECEM,KOTAKBANK
2019-07-03,NTPC,TATASTEEL,UPL,JSWSTEEL,LT,HINDUNILVR,APOLLOHOSP,KOTAKBANK
2019-07-04,TATAMOTORS,TATASTEEL,TITAN,BAJFINANCE,UPL,JSWSTEEL,HDFC,KOTAKBANK
2019-07-05,ICICIBANK,TCS,NESTLEIND,HINDUNILVR,HEROMOTOCO,TATASTEEL,ONGC,BHARTIARTL
2019-07-08,GRASIM,LT,SBIN,ICICIBANK,TCS,POWERGRID,SHREECEM,AXISBANK
2019-07-09,TITAN,TCS,HDFCBANK,ADANIPORTS,ONGC,BAJFINANCE,KOTAKBANK,INFY
2019-07-10,TATASTEEL,TITAN,TCS,ONGC,WIPRO,HDFCBANK,DRREDDY,BHARTIARTL
2019-07-11,BHARTIARTL,BAJFINANCE,BPCL,HDFC,DRREDDY,APOLLOHOSP,TITAN,BAJAJ-AUTO
2019-07-12,BAJFINANCE,TITAN,BPCL,GRASIM,ICICIBANK,TATASTEEL,ULTRACEMCO,HCLTECH
2019-07-15,POWERGRID,SBIN,WIPRO,BHARTIARTL,HDFCBANK,TITAN,HEROMOTOCO,ONGC
2019-07-16,TITAN,SBIN,SHREECEM,APOLLOHOSP,UPL,DRREDDY,LT,POWERGRID
2019-07-17,TITAN,HDFCBANK,BPCL,SBIN,JSWSTEEL,SHREECEM,NTPC,UPL
2019-07-18,APOLLOHOSP,GRASIM,TITAN,SBIN,HDFCBANK,UPL,HINDUNILVR,LT
2019-07-19,INDUSINDBK,POWERGRID,APOLLOHOSP,DIVISLAB,DRREDDY,HDFCBANK,KOTAKBANK,HEROMOTOCO
2019-07-22,BAJAJ-AUTO,HDFCBANK,BAJFINANCE,BAJAJFINSV,TITAN,LT,POWERGRID,HEROMOTOCO
2019-07-23,BAJFINANCE,BAJAJFINSV,BAJAJ-AUTO,HEROMOTOCO,NTPC,TCS,SHREECEM,APOLLOHOSP
2019-07-24,HDFCBANK,BAJFINANCE,HEROMOTOCO,SHREECEM,BAJAJ-AUTO,APOLLOHOSP,BAJAJFINSV,DRREDDY
2019-07-25,BAJFINANCE,ADANIPORTS,TECHM,APOLLOHOSP,AXISBANK,SBIN,NTPC,BPCL
2019-07-26,BAJAJFINSV,BAJFINANCE,DRREDDY,ADANIPORTS,INDUSINDBK,APOLLOHOSP,BPCL,SHREECEM
2019-07-29,EICHERMOT,NTPC,M&M,ULTRACEMCO,WIPRO,HDFCBANK,HEROMOTOCO,NESTLEIND
2019-07-30,ULTRACEMCO,BAJAJ-AUTO,DRREDDY,POWERGRID,INDUSINDBK,LT,TITAN,SBIN
2019-07-31,ULTRACEMCO,AXISBANK,SHREECEM,BAJFINANCE,BAJAJ-AUTO,INDUSINDBK,KOTAKBANK,POWERGRID
2019-08-01,ULTRACEMCO,AXISBANK,INDUSINDBK,KOTAKBANK,SBIN,LT,APOLLOHOSP,HEROMOTOCO
2019-08-02,SHREECEM,AXISBANK,APOLLOHOSP,ULTRACEMCO,HDFC,HDFCBANK,SBIN,KOTAKBANK
2019-08-05,SHREECEM,AXISBANK,NTPC,POWERGRID,KOTAKBANK,SBIN,HDFC,ULTRACEMCO
2019-08-06,SHREECEM,ULTRACEMCO,AXISBANK,HDFC,RELIANCE,ICICIBANK,APOLLOHOSP,UPL
2019-08-07,SHREECEM,ULTRACEMCO,RELIANCE,NTPC,HDFC,ONGC,TITAN,DIVISLAB
2019-08-08,ULTRACEMCO,SHREECEM,RELIANCE,POWERGRID,ONGC,AXISBANK,APOLLOHOSP,BPCL
2019-08-09,ULTRACEMCO,JSWSTEEL,SHREECEM,APOLLOHOSP,AXISBANK,ASIANPAINT,ONGC,GRASIM
2019-08-13,DIVISLAB,SHREECEM,INDUSINDBK,ULTRACEMCO,BPCL,TCS,BRITANNIA,ICICIBANK
2019-08-14,ULTRACEMCO,SHREECEM,NTPC,DRREDDY,TATASTEEL,HCLTECH,ASIANPAINT,TCS
2019-08-16,SHREECEM,ULTRACEMCO,ADANIPORTS,GRASIM,ONGC,TCS,ASIANPAINT,DIVISLAB
2019-08-19,HDFC,ADANIPORTS,DIVISLAB,POWERGRID,APOLLOHOSP,ONGC,RELIANCE,INDUSINDBK
2019-08-20,BPCL,HDFC,ICICIBANK,KOTAKBANK,SHREECEM,BAJAJFINSV,TCS,ONGC
2019-08-21,DRREDDY,ASIANPAINT,NTPC,TCS,BPCL,ICICIBANK,KOTAKBANK,BHARTIARTL
2019-08-22,ASIANPAINT,UPL,SHREECEM,KOTAKBANK,HCLTECH,BPCL,TCS,SBIN
2019-08-23,SHREECEM,ICICIBANK,SBIN,UPL,HDFCBANK,ASIANPAINT,ULTRACEMCO,APOLLOHOSP
2019-08-26,INDUSINDBK,APOLLOHOSP,TATAMOTORS,UPL,TATACONSUM,ONGC,JSWSTEEL,CIPLA
2019-08-27,INDUSINDBK,TATACONSUM,WIPRO,TECHM,TATASTEEL,POWERGRID,CIPLA,ONGC
2019-08-28,HDFC,NTPC,HINDALCO,BAJAJ-AUTO,RELIANCE,ASIANPAINT,HEROMOTOCO,KOTAKBANK
2019-08-29,TATASTEEL,HDFC,INDUSINDBK,BAJAJ-AUTO,ASIANPAINT,NTPC,RELIANCE,TECHM
2019-08-30,HDFC,JSWSTEEL,ASIANPAINT,BAJAJ-AUTO,DRREDDY,SUNPHARMA,RELIANCE,MARUTI
2019-09-03,APOLLOHOSP,TCS,ASIANPAINT,HDFC,BAJAJ-AUTO,NTPC,ICICIBANK,BAJAJFINSV
2019-09-04,INDUSINDBK,BHARTIARTL,KOTAKBANK,ASIANPAINT,WIPRO,SBIN,ICICIBANK,BPCL
2019-09-05,HDFC,ICICIBANK,APOLLOHOSP,TATASTEEL,ULTRACEMCO,ASIANPAINT,ONGC,INFY
2019-09-06,NTPC,HEROMOTOCO,HDFC,SUNPHARMA,SBIN,TATACONSUM,TATASTEEL,APOLLOHOSP
2019-09-09,NTPC,ULTRACEMCO,M&M,MARUTI,BAJAJ-AUTO,HDFC,HCLTECH,EICHERMOT
2019-09-11,INDUSINDBK,NTPC,HDFC,WIPRO,DIVISLAB,TATASTEEL,INFY,POWERGRID
2019-09-12,TECHM,BAJAJFINSV,INDUSINDBK,HDFC,WIPRO,BRITANNIA,HINDALCO,HEROMOTOCO
2019-09-13,NTPC,HEROMOTOCO,TECHM,INDUSINDBK,ASIANPAINT,HDFCBANK,SHREECEM,LT
2019-09-16,RELIANCE,BAJAJ-AUTO,DIVISLAB,POWERGRID,LT,HINDUNILVR,BRITANNIA,HINDALCO
2019-09-17,ICICIBANK,NESTLEIND,HDFC,HEROMOTOCO,APOLLOHOSP,AXISBANK,ADANIPORTS,DRREDDY
2019-09-18,INDUSINDBK,BRITANNIA,DRREDDY,POWERGRID,TECHM,ADANIPORTS,TATASTEEL,KOTAKBANK
2019-09-19,INDUSINDBK,NTPC,DRREDDY,ICICIBANK,HDFC,BAJAJ-AUTO,TECHM,BHARTIARTL
2019-09-20,BHARTIARTL,DRREDDY,POWERGRID,TECHM,NESTLEIND,BAJAJ-AUTO,HINDUNILVR,TCS
2019-09-23,INDUSINDBK,TATAMOTORS,TECHM,POWERGRID,TCS,DIVISLAB,ASIANPAINT,UPL
2019-09-24,JSWSTEEL,INDUSINDBK,POWERGRID,TATASTEEL,HCLTECH,DIVISLAB,ITC,HINDUNILVR
2019-09-25,DRREDDY,ITC,ADANIPORTS,ICICIBANK,EICHERMOT,ULTRACEMCO,BAJAJ-AUTO,DIVISLAB
2019-09-26,ADANIPORTS,HEROMOTOCO,NTPC,BRITANNIA,BPCL,HINDALCO,ULTRACEMCO,TECHM
2019-09-27,TECHM,ITC,HDFC,POWERGRID,BAJAJ-AUTO,HCLTECH,DRREDDY,ONGC
2019-09-30,BRITANNIA,HDFC,ICICIBANK,DRREDDY,CIPLA,HEROMOTOCO,POWERGRID,ITC
2019-10-01,DRREDDY,TCS,BAJAJ-AUTO,APOLLOHOSP,BRITANNIA,TITAN,TATAMOTORS,HDFC
2019-10-03,BAJAJFINSV,TITAN,SHREECEM,APOLLOHOSP,HDFC,ULTRACEMCO,DIVISLAB,RELIANCE
2019-10-04,HDFC,ASIANPAINT,BAJAJFINSV,CIPLA,ADANIPORTS,SHREECEM,BRITANNIA,LT
2019-10-07,BAJFINANCE,ASIANPAINT,BAJAJFINSV,SHREECEM,TITAN,HDFC,TECHM,RELIANCE
2019-10-09,ASIANPAINT,BAJAJFINSV,RELIANCE,HCLTECH,TECHM,SHREECEM,BAJFINANCE,BAJAJ-AUTO
2019-10-10,BAJFINANCE,HDFC,SHREECEM,TECHM,DIVISLAB,BAJAJ-AUTO,MARUTI,AXISBANK
2019-10-11,TECHM,TATASTEEL,BAJFINANCE,WIPRO,HCLTECH,INDUSINDBK,BHARTIARTL,BAJAJ-AUTO
2019-10-14,INDUSINDBK,ULTRACEMCO,BAJAJ-AUTO,BAJFINANCE,EICHERMOT,TITAN,MARUTI,ASIANPAINT
2019-10-15,NESTLEIND,DIVISLAB,ULTRACEMCO,BAJAJFINSV,INDUSINDBK,MARUTI,POWERGRID,TATACONSUM
2019-10-16,BPCL,TECHM,NESTLEIND,DIVISLAB,INDUSINDBK,POWERGRID,TCS,HDFCBANK
2019-10-17,TATASTEEL,ULTRACEMCO,BAJAJ-AUTO,TECHM,AXISBANK,INDUSINDBK,HINDUNILVR,BPCL
2019-10-18,KOTAKBANK,ICICIBANK,INDUSINDBK,TECHM,POWERGRID,HCLTECH,BPCL,ULTRACEMCO
2019-10-22,INDUSINDBK,TECHM,HCLTECH,TATACONSUM,POWERGRID,BPCL,HINDUNILVR,DIVISLAB
2019-10-23,TECHM,NESTLEIND,MARUTI,INDUSINDBK,ASIANPAINT,ADANIPORTS,HDFC,BPCL
2019-10-24,DIVISLAB,INDUSINDBK,JSWSTEEL,TCS,BPCL,APOLLOHOSP,UPL,WIPRO
2019-10-25,DRREDDY,KOTAKBANK,BPCL,AXISBANK,DIVISLAB,GRASIM,SUNPHARMA,UPL
2019-10-27,DRREDDY,TCS,BPCL,ULTRACEMCO,TECHM,BAJFINANCE,ONGC,HDFC
2019-10-29,AXISBANK,DIVISLAB,ASIANPAINT,DRREDDY,HDFC,BPCL,HDFCBANK,APOLLOHOSP
2019-10-30,DIVISLAB,ADANIPORTS,NTPC,KOTAKBANK,ULTRACEMCO,GRASIM,SHREECEM,HEROMOTOCO
2019-10-31,ONGC,WIPRO,POWERGRID,NTPC,BAJAJFINSV,HDFC,HDFCBANK,HINDALCO
2019-11-01,DRREDDY,DIVISLAB,ONGC,HDFC,RELIANCE,TATACONSUM,SBIN,KOTAKBANK
2019-11-04,MARUTI,APOLLOHOSP,ICICIBANK,BAJAJ-AUTO,DRREDDY,HINDALCO,INDUSINDBK,SBIN
2019-11-05,DIVISLAB,MARUTI,HCLTECH,NESTLEIND,SUNPHARMA,HDFC,EICHERMOT,DRREDDY
2019-11-06,MARUTI,RELIANCE,ICICIBANK,NESTLEIND,SBIN,HCLTECH,DIVISLAB,HDFC
2019-11-07,HCLTECH,RELIANCE,HINDALCO,WIPRO,BAJAJ-AUTO,DIVISLAB,TCS,TITAN
2019-11-08,HCLTECH,MARUTI,TITAN,RELIANCE,HDFC,EICHERMOT,BRITANNIA,TATASTEEL
2019-11-11,TITAN,HCLTECH,SHREECEM,TECHM,RELIANCE,DRREDDY,BAJAJ-AUTO,HEROMOTOCO
2019-11-13,TECHM,SHREECEM,TITAN,BAJAJ-AUTO,INFY,EICHERMOT,RELIANCE,GRASIM
2019-11-14,TITAN,TECHM,TATACONSUM,HDFC,BAJAJ-AUTO,ITC,SHREECEM,INFY
2019-11-15,TECHM,JSWSTEEL,BHARTIARTL,ADANIPORTS,BAJAJ-AUTO,HDFCBANK,DIVISLAB,TCS
2019-11-18,ULTRACEMCO,TECHM,ADANIPORTS,TITAN,HDFCBANK,BAJAJ-AUTO,RELIANCE,ITC
2019-11-19,HCLTECH,BAJAJ-AUTO,HDFCBANK,TECHM,TITAN,TATASTEEL,WIPRO,DRREDDY
2019-11-20,BAJAJ-AUTO,HCLTECH,HDFCBANK,KOTAKBANK,NTPC,DRREDDY,BRITANNIA,HEROMOTOCO
2019-11-21,TATACONSUM,HEROMOTOCO,HDFCBANK,BRITANNIA,BAJAJ-AUTO,JSWSTEEL,HDFC,BAJFINANCE
2019-11-22,DRREDDY,BPCL,TECHM,HCLTECH,BRITANNIA,BAJAJ-AUTO,HDFCBANK,BAJFINANCE
2019-11-25,ICICIBANK,DRREDDY,TATACONSUM,HEROMOTOCO,TCS,BAJAJ-AUTO,BAJFINANCE,HDFC
2019-11-26,KOTAKBANK,BRITANNIA,ULTRACEMCO,UPL,BAJAJFINSV,BAJAJ-AUTO,BHARTIARTL,TECHM
2019-11-27,TECHM,CIPLA,HEROMOTOCO,SUNPHARMA,ONGC,KOTAKBANK,NTPC,RELIANCE
2019-11-28,TECHM,KOTAKBANK,BAJAJFINSV,HEROMOTOCO,AXISBANK,BAJAJ-AUTO,SBIN,ASIANPAINT
2019-11-29,TECHM,DIVISLAB,KOTAKBANK,BAJAJ-AUTO,AXISBANK,HEROMOTOCO,BAJAJFINSV,POWERGRID
2019-12-02,DIVISLAB,SUNPHARMA,TECHM,EICHERMOT,HEROMOTOCO,KOTAKBANK,BHARTIARTL,BAJAJ-AUTO
2019-12-03,HEROMOTOCO,ONGC,HINDUNILVR,ICICIBANK,TCS,TECHM,AXISBANK,SBIN
2019-12-04,ONGC,SHREECEM,EICHERMOT,DRREDDY,TITAN,TCS,HEROMOTOCO,BRITANNIA
2019-12-05,HDFCBANK,GRASIM,TECHM,HINDUNILVR,DIVISLAB,DRREDDY,ITC,BAJFINANCE
2019-12-06,DIVISLAB,TECHM,HDFCBANK,RELIANCE,SHREECEM,BAJAJ-AUTO,MARUTI,KOTAKBANK
2019-12-09,DIVISLAB,TITAN,TCS,RELIANCE,APOLLOHOSP,SHREECEM,ITC,JSWSTEEL
2019-12-10,JSWSTEEL,TITAN,HINDUNILVR,SHREECEM,BPCL,BAJFINANCE,SBIN,UPL
2019-12-11,BPCL,SHREECEM,RELIANCE,DRREDDY,TITAN,ULTRACEMCO,TCS,BRITANNIA
2019-12-12,BPCL,TCS,ULTRACEMCO,HDFC,HDFCBANK,INDUSINDBK,TITAN,SHREECEM
2019-12-13,DRREDDY,NTPC,INDUSINDBK,BPCL,DIVISLAB,HEROMOTOCO,TECHM,TATASTEEL
2019-12-16,SUNPHARMA,ASIANPAINT,DIVISLAB,BAJAJ-AUTO,TECHM,KOTAKBANK,NTPC,BRITANNIA
2019-12-17,BAJAJ-AUTO,RELIANCE,ULTRACEMCO,ONGC,HEROMOTOCO,ASIANPAINT,SUNPHARMA,HDFCBANK
2019-12-18,DIVISLAB,RELIANCE,BAJAJ-AUTO,AXISBANK,JSWSTEEL,NESTLEIND,BRITANNIA,SBIN
2019-12-19,DIVISLAB,BAJAJ-AUTO,CIPLA,ICICIBANK,TATAMOTORS,ITC,HINDUNILVR,ULTRACEMCO
2019-12-20,BRITANNIA,WIPRO,KOTAKBANK,SUNPHARMA,HDFCBANK,TECHM,ICICIBANK,TCS
2019-12-23,TECHM,RELIANCE,BRITANNIA,BAJAJ-AUTO,HCLTECH,DIVISLAB,ASIANPAINT,NESTLEIND
2019-12-24,AXISBANK,TECHM,NESTLEIND,TCS,DIVISLAB,KOTAKBANK,BAJFINANCE,BAJAJ-AUTO
2019-12-26,HDFCBANK,TECHM,AXISBANK,TCS,ASIANPAINT,DIVISLAB,BPCL,BRITANNIA
2019-12-27,BAJAJ-AUTO,TECHM,NTPC,WIPRO,BAJFINANCE,ASIANPAINT,HEROMOTOCO,INDUSINDBK
2019-12-30,DRREDDY,BAJAJ-AUTO,ASIANPAINT,NTPC,WIPRO,JSWSTEEL,KOTAKBANK,INDUSINDBK
2019-12-31,TECHM,WIPRO,JSWSTEEL,BAJFINANCE,HDFCBANK,ASIANPAINT,KOTAKBANK,INDUSINDBK
